
00 00 00 00 00 00 00 00
00 00 00 00 00 00 00 00
00 00 00 00 00 00 00 00
00 00 00 00 00 00 00 00
00 00 00 00 00 00 00 00
00 00 00 00 00 00 00 00
00 00 00 00 00 00 00 00
00 00 00 00 00 00 00 00
                         /* ret addr */
00 00 00 00  /* Gets push %ebp */ 
00 00 00 00  /* Gets push %edi */ 
00 00 00 00  /* Gets push %esi */ 
00 00 00 00  /* Gets push %ebx */ 
00 00 00 00 00 00 00 00  /* Gets alloc stack */
00 00 00 00 00 00 00 00  /* Gets alloc stack */
00 00 00 00 00 00 00 00  /* Gets alloc stack */
00 00 00 00/* Gets alloc stack */
